00707
00363
00355
00736
00595
00245
00628
00041
00046
00280
00485
00629
00085
00217
00446
00448
00291
00606
00402
00697
00655
00404
00609
00264
00654
00208
00201
00146
00183
00513
00345
00719
00316
00311
00318
00585
00115
00327
00571
00549
00320
00185
00171
00515
00727
00720
00182
00140
00381
00523
00711
00375
00147
00548
00113
00319
00114
00584
00579
00546
00310
00328
00597
00563
00335
00138
00100
00332
00552
00136
00304
00599
00303
00131
00555
00368
00191
00165
00357
00501
00506
00350
00196
00392
00508
00130
00553
00305
00591
00565
00334
00199
00360
00367
00531
00197
00735
00351
00369
00164
00190
00486
00472
00223
00647
00671
00443
00027
00215
00018
00212
00074
00622
00410
00417
00625
00241
00073
00045
00613
00089
00614
00426
00042
00270
00021
00213
00677
00489
00019
00222
00010
00646
00641
00017
00225
00487
00028
00418
00088
00427
00271
00043
00249
00282
00044
00276
00612
00624
00416
00072
00278
00247
00411
00623
00532
00738
00707
00151
00363
00397
00158
00355
00731
00709
00736
00550
00134
00133
00557
00568
00561
00105
00595
00102
00330
00566
00289
00626
00414
00242
00048
00083
00628
00617
00273
00079
00449
00643
00471
00688
00218
00681
00023
00211
00675
00447
00478
00672
00216
00024
00686
00229
00078
00281
00629
00424
00286
00076
00244
00082
00288
00618
00243
00687
00025
00446
00680
00479
00470
00642
00219
00689
00483
00013
00645
00448
00601
00291
00434
00092
00254
00066
00253
00608
00298
00207
00035
00456
00032
00699
00494
00236
00652
00460
00467
00655
00231
00094
00404
00067
00255
00093
00435
00638
00290
00600
00264
00056
00459
00492
00002
00230
00698
00005
00653
00495
00457
00201
00033
00691
00662
00710
00522
00146
00380
00179
00387
00141
00525
00717
00728
00513
00345
00148
00170
00342
00726
00514
00184
00329
00124
00540
00547
00585
00115
00549
00320
00582
00171
00727
00388
00720
00182
00149
00716
00524
00386
00381
00375
00583
00321
00319
00114
00584
00125
00335
00138
00564
00136
00304
00109
00131
00191
00357
00733
00501
00539
00506
00734
00350
00162
00196
00359
00154
00530
00392
00198
00395
00705
00153
00361
00598
00108
00591
00565
00562
00139
00536
00360
00358
00393
00531
00538
00197
00507
00163
00351
00369
00356
00164
00500
00732
00190
00486
00472
00640
00224
00016
00029
00223
00647
00475
00481
00678
00671
00443
00027
00215
00685
00018
00488
00682
00212
00020
00444
00676
00279
00080
00074
00246
00622
00410
00428
00417
00625
00241
00073
00087
00248
00045
00421
00613
00283
00089
00419
00284
00614
00426
00042
00270
00021
00213
00677
00445
00683
00648
00684
00442
00670
00214
00026
00489
00019
00480
00222
00010
00474
00646
00679
00641
00473
00017
00225
00487
00028
00418
00088
00427
00615
00271
00043
00285
00249
00282
00044
00276
00612
00420
00429
00086
00624
00416
00072
00278
00247
00075
00411
00623
00081