00001
00003
00006
00008
00009
00014
00016
00029
00030
00031
00036
00037
00038
00039
00040
00052
00053
00054
00055
00063
00064
00065
00067
00090
00091
00096
00097
00098
00099
00105
00111
00116
00117
00118
00119
00121
00126
00128
00129
00139
00145
00162
00163
00164
00172
00173
00174
00175
00180
00181
00187
00188
00189
00190
00197
00202
00204
00205
00208
00223
00224
00233
00234
00235
00242
00243
00250
00251
00256
00257
00260
00261
00267
00288
00292
00293
00294
00295
00308
00312
00313
00319
00320
00323
00324
00325
00329
00333
00340
00347
00348
00351
00355
00356
00358
00369
00370
00371
00376
00377
00378
00383
00400
00406
00407
00408
00409
00413
00430
00431
00436
00437
00439
00452
00453
00454
00455
00457
00462
00465
00472
00475
00481
00486
00490
00491
00496
00498
00499
00500
00501
00505
00506
00507
00511
00516
00517
00518
00519
00520
00521
00526
00528
00529
00539
00542
00544
00545
00573
00574
00575
00579
00580
00581
00583
00585
00586
00589
00596
00600
00602
00603
00604
00619
00628
00629
00631
00633
00634
00640
00643
00647
00650
00656
00657
00658
00660
00661
00662
00667
00669
00671
00689
00692
00694
00695
00699
00708
00712
00714
00715
00722
00723
00724
00725
00726
00729
00730
00732
00735
00737
00739
00014
00028
00044
00059
00072
00089
00108
00109
00151
00152
00165
00276
00283
00345
00356
00360
00367
00418
00427
00429
00460
00481
00482
00486
00495
00500
00524
00530
00536
00541
00549
00565
00598
00641
00643
00644
00704